240 198 
756 207 
210 201 
210 207 
243 204 
204 201 
207 207 
243 204 
339 204 
246 204 
240 210 
243 204 
243 198 
240 204 
240 204 
243 201 
210 207 
240 204 
243 207 
243 204 
243 204 
240 657 
237 201 
243 204 
210 207 
240 204 
240 204 
240 207 
240 204 
210 204 
237 207 
240 207 
204 201 
243 204 
240 657 
240 198 
240 201 
240 201 
204 201 
243 204 
204 204 
240 204 
240 204 
243 204 
240 204 
237 204 
240 204 
243 759 
204 207 
240 204 
240 204 
237 204 
240 207 
240 207 
243 201 
240 207 
207 201 
243 201 
240 207 
240 207 
240 204 
240 204 
237 204 
240 204 
207 201 
243 204 
243 204 
240 657 
237 204 
237 201 
240 204 
240 204 
201 204 
243 210 
237 204 
243 207 
240 207 
246 201 
243 204 
243 207 
204 639 
237 204 
237 204 
201 207 
243 204 
201 204 
243 201 
243 204 
210 201 
237 201 
240 204 
240 207 
240 204 
246 651 
240 207 
201 201 
207 201 
243 204 
210 207 
207 207 
201 204 
210 204 
240 204 
240 201 
243 204 
243 207 
243 657 
240 210 
240 207 
243 204 
243 204 
240 204 
207 207 
243 204 
237 207 
240 207 
240 207 
207 204 
240 204 
240 207 
240 204 
237 204 
240 207 
243 204 
240 204 
204 207 
219 207 
240 207 
237 204 
240 204 
240 204 
237 207 
240 207 
240 207 
237 204 
240 204 
240 201 
204 204 
210 204 
240 654 
237 204 
240 210 
240 201 
240 207 
207 207 
207 207 
243 204 
240 210 
243 207 
243 207 
243 201 
243 204 
243 654 
210 204 
240 204 
240 207 
240 207 
243 201 
240 201 
243 207 
240 204 
210 201 
243 204 
210 207 
240 204 
243 654 
240 204 
240 207 
240 204 
210 204 
240 207 
243 207 
240 204 
240 207 
240 201 
240 201 
243 204 
213 204 
207 204 
240 204 
243 207 
246 204 
207 201 
243 207 
243 204 
204 204 
240 207 
240 207 
240 204 
240 207 
240 204 
246 201 
240 201 
207 207 
240 207 
237 204 
240 204 
240 204 
237 660 
243 207 
213 207 
207 204 
243 204 
210 201 
243 207 
207 201 
243 201 
240 204 
240 204 
201 204 
243 201 
243 651 
207 207 
240 204 
240 204 
237 204 
240 207 
243 204 
240 207 
243 207 
240 204 
237 204 
240 204 
240 207 
240 657 
243 201 
243 204 
240 204 
243 204 
240 207 
243 204 
240 204 
237 204 
240 210 
240 204 
240 207 
240 204 
240 774 
204 201 
243 204 
240 207 
240 204 
240 210 
243 204 
240 204 
237 204 
240 204 
243 204 
240 204 
243 204 
243 204 
237 207 
240 207 
240 207 
237 204 
240 204 
240 207 
636 201 
207 204 
237 201 
237 204 
240 204 
243 201 
240 207 
243 204 
240 204 
201 201 
237 198 
240 201 
243 198 
240 657 
243 204 
237 207 
204 201 
204 204 
243 204 
243 204 
240 207 
240 204 
246 201 
240 201 
243 207 
210 204 
246 651 
240 207 
237 204 
207 204 
240 207 
240 204 
237 204 
210 204 
243 204 
240 204 
243 204 
204 204 
240 207 
240 711 
255 204 
204 207 
240 204 
240 207 
207 207 
243 204 
237 207 
240 207 
240 207 
207 204 
240 207 
240 207 
240 204 
237 204 
240 204 
243 204 
240 207 
207 207 
240 204 
210 207 
240 204 
243 210 
243 204 
237 207 
240 207 
204 204 
243 204 
240 207 
243 201 
240 201 
243 207 
240 204 
243 654 
204 204 
240 204 
240 204 
237 204 
240 207 
240 207 
237 204 
240 204 
240 204 
237 204 
240 207 
243 204 
240 660 
243 201 
243 204 
246 204 
243 204 
240 207 
240 204 
240 207 
240 204 
246 201 
240 201 
237 204 
237 204 
240 660 
237 204 
237 204 
240 204 
240 201 
237 204 
243 204 
240 207 
243 201 
240 201 
243 204 
243 204 
246 207 
240 207 
237 204 
207 204 
240 207 
240 207 
240 204 
243 204 
252 204 
240 204 
237 204 
240 210 
288 201 
243 204 
237 204 
240 207 
243 204 
240 204 
243 207 
240 204 
201 204 
243 657 
243 204 
243 207 
240 207 
240 204 
240 204 
237 204 
210 201 
237 201 
240 207 
243 207 
240 207 
240 204 
240 651 
240 207 
207 204 
240 207 
237 207 
240 207 
240 204 
237 204 
240 204 
213 207 
207 201 
243 207 
243 204 
240 657 
240 198 
240 210 
243 201 
240 207 
207 204 
243 204 
243 204 
240 207 
243 204 
240 204 
237 204 
243 204 
204 201 
240 204 
240 204 
243 201 
207 207 
237 198 
240 207 
237 201 
210 204 
240 204 
243 204 
237 204 
237 201 
240 210 
240 204 
243 201 
207 204 
240 204 
240 210 
240 204 
240 651 
240 207 
237 201 
240 210 
207 207 
240 204 
237 201 
240 204 
237 201 
240 201 
210 204 
240 207 
210 204 
237 657 
243 204 
240 204 
243 204 
240 204 
243 204 
240 207 
240 204 
243 204 
246 204 
240 204 
237 204 
240 204 
240 660 
240 204 
240 204 
243 210 
243 201 
237 204 
243 204 
243 204 
240 210 
240 207 
240 204 
237 204 
240 204 
243 717 
276 204 
240 204 
240 207 
240 201 
237 204 
240 207 
216 204 
240 207 
237 207 
240 204 
240 204 
243 204 
246 204 
210 204 
243 204 
240 204 
237 207 
240 201 
240 201 
252 207 
246 207 
204 204 
243 204 
207 201 
237 204 
240 204 
240 207 
240 201 
207 207 
207 204 
237 204 
240 204 
240 660 
243 201 
237 201 
237 201 
240 204 
210 207 
207 204 
240 204 
240 204 
237 204 
210 201 
237 204 
240 204 
774 207 
267 204 
240 204 
237 201 
240 204 
240 204 
237 204 
240 204 
204 204 
240 207 
240 207 
240 204 
240 204 
237 660 
243 207 
243 204 
204 201 
240 204 
240 207 
243 204 
240 204 
237 207 
240 207 
240 204 
207 207 
240 207 
237 204 
240 204 
237 207 
246 204 
243 207 
240 207 
204 204 
207 201 
240 204 
240 204 
243 201 
243 204 
243 204 
246 207 
204 201 
243 207 
243 204 
240 204 
243 204 
240 204 
237 660 
210 207 
207 207 
240 207 
240 204 
237 204 
240 207 
243 204 
240 204 
243 204 
240 204 
237 204 
240 207 
243 657 
243 201 
237 204 
240 204 
243 204 
240 207 
243 204 
240 207 
240 204 
243 201 
237 204 
237 204 
240 204 
237 660 
210 207 
237 204 
240 204 
237 207 
240 207 
240 207 
237 204 
240 207 
204 201 
243 210 
240 210 
207 201 
240 204 
240 204 
243 210 
207 204 
237 198 
240 204 
243 204 
240 204 
240 204 
243 204 
246 204 
240 204 
201 207 
243 204 
237 204 
207 201 
237 204 
240 207 
243 204 
240 207 
333 204 
240 204 
240 207 
237 204 
240 204 
237 204 
246 204 
246 207 
207 204 
240 207 
240 207 
204 207 
240 207 
240 660 
249 204 
240 207 
213 204 
240 204 
240 201 
240 201 
243 204 
243 204 
246 204 
240 207 
207 204 
240 207 
240 660 
243 201 
243 207 
240 207 
204 201 
243 204 
210 207 
240 198 
240 204 
240 204 
237 204 
240 204 
243 207 
240 753 
207 204 
237 204 
240 207 
237 204 
240 207 
243 204 
240 207 
207 204 
207 207 
243 204 
237 207 
240 207 
237 204 
240 204 
240 204 
237 204 
210 201 
243 204 
240 204 
270 204 
240 204 
237 204 
240 204 
243 204 
204 204 
240 201 
240 204 
243 201 
243 204 
240 204 
243 204 
240 207 
561 210 
240 204 
243 204 
240 204 
243 204 
240 207 
240 207 
240 201 
240 207 
240 207 
240 207 
243 204 
246 204 
237 660 
210 207 
237 204 
207 204 
240 207 
240 207 
240 204 
243 207 
207 204 
243 201 
240 204 
240 204 
240 204 
240 660 
210 210 
240 207 
240 207 
207 207 
240 207 
237 204 
240 207 
240 204 
237 204 
240 204 
240 207 
246 201 
243 204 
243 204 
291 204 
237 207 
237 201 
240 204 
240 204 
210 204 
243 201 
243 204 
210 201 
237 204 
240 207 
243 204 
240 207 
243 204 
240 207 
240 204 
210 207 
240 201 
237 654 
249 207 
237 207 
210 204 
243 207 
240 207 
204 201 
243 204 
243 207 
240 207 
240 207 
204 207 
240 204 
240 651 
204 201 
243 204 
237 204 
240 207 
240 207 
243 201 
240 201 
243 204 
207 201 
237 204 
240 204 
243 204 
240 657 
240 204 
207 204 
240 204 
204 201 
240 201 
240 207 
243 204 
240 204 
237 204 
216 201 
243 204 
210 201 
243 207 
243 204 
240 204 
240 204 
240 207 
240 204 
246 204 
210 204 
240 204 
243 201 
237 204 
237 204 
240 204 
237 204 
240 207 
207 204 
243 204 
240 207 
243 204 
246 207 
366 204 
246 207 
240 210 
207 204 
240 204 
237 207 
240 207 
207 204 
240 210 
201 201 
240 207 
240 207 
240 204 
240 651 
240 207 
237 204 
204 204 
204 204 
240 204 
240 204 
240 207 
237 201 
240 204 
240 204 
240 204 
243 210 
243 648 
240 207 
237 201 
237 204 
240 204 
240 204 
246 204 
246 207 
240 204 
237 204 
240 207 
243 207 
240 207 
240 732 
210 207 
240 204 
243 201 
240 201 
237 204 
240 207 
237 201 
240 204 
216 201 
243 204 
243 204 
240 204 
207 207 
240 204 
243 201 
243 207 
246 207 
246 207 
240 207 
237 654 
210 204 
240 207 
243 204 
240 204 
237 204 
300 201 
243 204 
237 204 
207 201 
237 204 
240 204 
243 198 
240 660 
237 204 
237 204 
237 201 
207 201 
240 204 
240 207 
243 204 
240 207 
240 204 
246 201 
240 204 
207 207 
240 660 
240 207 
240 207 
246 204 
240 204 
237 204 
240 204 
207 201 
243 207 
243 204 
240 207 
243 204 
240 204 
237 690 
243 204 
210 207 
240 204 
240 210 
243 207 
243 204 
240 204 
237 204 
240 207 
213 207 
243 204 
240 207 
207 204 
240 207 
243 204 
240 207 
240 204 
210 204 
243 204 
300 207 
240 207 
237 204 
240 207 
240 204 
237 204 
210 204 
243 204 
240 207 
240 207 
246 204 
240 204 
237 204 
243 651 
243 204 
240 207 
243 204 
243 204 
237 204 
240 204 
243 207 
240 207 
240 204 
240 207 
240 207 
240 204 
246 651 
249 204 
237 207 
240 207 
240 207 
237 204 
240 204 
237 204 
246 204 
246 207 
237 204 
240 204 
240 204 
237 660 
243 201 
240 207 
243 204 
210 207 
240 201 
237 204 
237 201 
240 204 
240 204 
237 207 
240 207 
240 207 
237 204 
240 204 
237 204 
207 210 
240 204 
243 207 
243 204 
261 204 
246 204 
243 204 
243 204 
204 201 
240 204 
240 204 
243 201 
243 204 
246 204 
210 207 
240 207 
204 204 
243 651 
240 201 
240 204 
243 201 
240 204 
243 204 
240 210 
210 204 
246 204 
240 204 
246 204 
240 207 
237 204 
240 657 
240 204 
207 210 
243 207 
243 204 
240 207 
240 207 
240 204 
240 204 
243 201 
207 204 
240 204 
240 207 
237 762 
210 207 
240 207 
237 204 
240 207 
204 204 
240 204 
240 204 
237 198 
240 201 
210 204 
240 204 
237 201 
207 207 
240 207 
237 204 
240 204 
240 204 
201 207 
243 204 
237 207 
210 201 
243 207 
207 201 
207 204 
240 207 
243 204 
243 201 
240 204 
207 204 
240 201 
243 204 
243 204 
297 204 
240 204 
240 207 
240 204 
216 210 
240 207 
240 207 
246 201 
243 204 
243 204 
240 204 
243 207 
240 204 
237 660 
243 204 
243 201 
240 201 
207 204 
240 204 
240 207 
207 204 
243 204 
240 207 
243 204 
240 204 
237 204 
240 657 
240 204 
237 204 
246 204 
246 207 
237 201 
237 204 
240 204 
237 204 
210 204 
243 207 
240 207 
240 204 
237 708 
252 204 
240 207 
240 201 
237 204 
240 207 
273 210 
240 204 
240 207 
240 204 
240 207 
240 204 
210 207 
240 207 
207 207 
240 204 
243 201 
237 198 
240 201 
243 201 
240 204 
240 204 
207 201 
243 207 
243 204 
240 210 
240 204 
240 204 
237 204 
240 204 
204 204 
240 213 
240 204 
237 660 
243 204 
237 204 
240 207 
243 204 
204 204 
240 204 
240 201 
237 201 
237 201 
240 204 
240 204 
240 207 
777 204 
276 201 
240 204 
240 210 
246 204 
240 207 
240 204 
237 204 
210 201 
243 198 
240 204 
240 204 
243 207 
240 660 
237 198 
240 204 
204 204 
240 204 
207 207 
240 207 
243 204 
240 204 
237 204 
240 204 
204 204 
240 201 
240 207 
243 204 
240 207 
240 204 
243 201 
240 201 
207 204 
258 207 
240 207 
240 204 
246 207 
243 204 
243 204 
237 207 
204 204 
243 207 
240 207 
240 207 
237 204 
240 204 
240 651 
240 207 
237 207 
240 207 
246 201 
243 204 
243 201 
240 201 
237 204 
237 204 
240 204 
240 207 
240 204 
243 654 
246 204 
237 204 
204 204 
240 207 
243 207 
240 204 
240 207 
240 204 
246 207 
240 204 
201 204 
210 204 
240 660 
204 204 
240 204 
237 210 
240 207 
240 207 
237 201 
240 204 
240 210 
240 204 
246 204 
246 204 
240 204 
237 204 
240 204 
240 207 
246 204 
204 204 
240 207 
243 201 
237 204 
240 204 
243 204 
240 207 
243 204 
210 204 
243 204 
240 207 
240 201 
246 204 
246 204 
243 204 
237 204 
303 204 
240 204 
207 207 
240 207 
237 204 
240 204 
237 207 
246 207 
204 201 
243 204 
243 204 
240 207 
243 204 
243 651 
240 204 
237 201 
210 204 
240 207 
243 204 
240 204 
237 204 
240 204 
207 201 
243 207 
204 204 
240 207 
240 660 
240 204 
237 204 
240 210 
237 201 
240 204 
204 207 
240 207 
240 204 
237 207 
240 207 
240 207 
237 204 
240 690 
210 204 
240 204 
240 204 
237 204 
240 207 
240 207 
240 201 
243 204 
210 207 
240 204 
243 207 
240 207 
240 204 
240 204 
237 204 
240 207 
207 201 
243 204 
243 204 
261 207 
240 207 
240 207 
240 207 
237 207 
219 207 
237 204 
240 204 
243 201 
240 204 
243 201 
237 204 
207 204 
240 204 
240 207 
240 204 
240 207 
240 204 
246 204 
240 204 
237 207 
240 204 
240 207 
237 204 
240 204 
240 204 
237 660 
243 204 
240 210 
243 207 
240 204 
237 204 
246 204 
243 207 
240 207 
240 204 
240 204 
237 204 
240 207 
243 657 
237 204 
237 204 
240 204 
243 204 
240 204 
243 204 
210 204 
243 204 
240 204 
237 204 
240 204 
240 204 
246 204 
240 204 
201 204 
243 207 
237 204 
243 207 
240 204 
204 201 
240 207 
240 204 
204 204 
240 207 
243 204 
240 204 
237 207 
240 207 
240 207 
237 204 
204 204 
240 207 
243 651 
240 207 
240 207 
237 204 
240 207 
240 204 
210 204 
243 204 
240 210 
240 201 
237 210 
243 204 
207 204 
240 660 
210 201 
243 201 
243 204 
237 207 
240 207 
204 201 
243 204 
240 204 
204 207 
240 204 
243 201 
237 207 
204 651 
243 204 
237 204 
240 204 
207 201 
243 204 
243 204 
240 207 
243 207 
240 207 
207 207 
243 204 
201 207 
243 204 
237 204 
240 204 
240 207 
240 201 
243 207 
243 204 
204 204 
240 204 
240 204 
243 204 
240 204 
237 207 
240 207 
240 207 
207 204 
240 204 
240 207 
240 204 
240 201 
237 657 
240 204 
240 207 
243 201 
240 204 
243 207 
240 204 
243 204 
240 207 
246 204 
240 204 
237 204 
210 201 
237 657 
237 204 
237 204 
243 207 
243 207 
240 210 
210 207 
240 207 
240 204 
210 204 
243 201 
237 204 
246 204 
246 660 
240 204 
210 207 
240 204 
243 207 
240 207 
240 204 
240 204 
237 204 
240 207 
243 204 
240 207 
243 204 
243 732 
276 204 
240 204 
240 207 
243 204 
210 207 
237 198 
240 207 
237 204 
240 201 
240 204 
240 204 
243 204 
210 204 
243 204 
240 204 
237 204 
240 204 
243 204 
240 207 
240 657 
210 204 
240 204 
240 204 
243 201 
243 204 
246 204 
246 207 
240 207 
207 204 
240 207 
240 207 
240 207 
240 651 
237 201 
243 204 
240 207 
207 204 
243 204 
243 204 
240 207 
240 204 
240 204 
237 204 
240 204 
207 204 
243 657 
237 204 
240 207 
240 204 
243 201 
237 198 
240 201 
210 207 
240 204 
240 204 
243 207 
243 204 
237 204 
240 654 
249 207 
207 204 
240 204 
240 204 
240 204 
240 204 
237 204 
240 204 
240 207 
210 210 
207 201 
243 204 
249 201 
237 204 
240 207 
240 207 
243 201 
207 204 
237 207 
204 201 
243 204 
243 201 
240 207 
243 204 
240 204 
237 210 
240 207 
240 207 
237 204 
240 204 
258 207 
240 207 
246 657 
237 201 
243 207 
240 204 
240 207 
240 207 
240 204 
240 204 
237 204 
240 204 
207 201 
243 204 
243 204 
240 657 
240 204 
237 204 
240 204 
240 204 
237 204 
240 210 
240 207 
282 204 
237 207 
237 204 
240 207 
240 204 
246 651 
246 207 
237 201 
240 204 
240 204 
237 204 
240 204 
243 207 
204 204 
240 207 
240 207 
204 201 
240 201 
237 204 
237 204 
240 204 
201 204 
243 201 
297 201 
240 204 
240 204 
240 207 
207 204 
240 204 
210 204 
240 204 
240 204 
237 204 
240 207 
240 204 
237 204 
240 207 
207 201 
243 654 
240 207 
240 204 
237 204 
240 204 
240 210 
237 204 
204 204 
273 204 
243 204 
237 204 
240 204 
243 207 
240 660 
243 210 
207 207 
237 201 
237 201 
240 204 
243 207 
243 204 
240 207 
243 207 
204 204 
240 204 
237 204 
240 657 
240 204 
240 204 
243 201 
243 210 
285 207 
243 207 
243 204 
240 207 
243 207 
240 204 
237 204 
240 207 
207 786 
210 207 
240 204 
243 204 
240 207 
240 201 
240 201 
243 207 
216 204 
246 204 
237 204 
204 201 
243 204 
243 207 
240 207 
306 201 
210 207 
237 204 
240 207 
240 207 
243 657 
240 207 
237 204 
240 207 
240 204 
237 204 
210 201 
243 201 
240 204 
204 204 
240 207 
240 210 
240 204 
243 651 
240 207 
237 201 
240 204 
240 204 
366 210 
240 204 
237 204 
240 204 
243 204 
240 207 
243 207 
240 204 
201 633 
240 207 
240 207 
243 204 
240 207 
243 207 
240 204 
237 207 
240 207 
240 207 
237 201 
300 207 
243 201 
237 693 
243 204 
381 201 
240 204 
240 204 
240 204 
207 207 
243 204 
237 204 
207 204 
237 204 
237 198 
240 207 
237 201 
210 204 
237 201 
240 204 
240 207 
240 201 
240 201 
207 207 
240 204 
207 204 
240 207 
240 207 
369 204 
240 204 
240 207 
240 201 
240 201 
207 204 
240 207 
237 204 
240 660 
237 198 
240 204 
240 207 
240 204 
201 207 
243 204 
237 207 
240 207 
240 207 
237 204 
240 204 
240 204 
741 204 
246 204 
417 201 
240 201 
240 201 
237 204 
240 204 
243 201 
207 204 
240 204 
240 207 
243 204 
240 207 
240 651 
243 201 
243 204 
210 201 
237 204 
240 198 
243 204 
243 207 
243 204 
243 204 
237 204 
210 201 
357 204 
240 210 
204 204 
240 204 
240 207 
243 204 
240 204 
204 204 
252 204 
237 204 
240 207 
243 204 
240 207 
243 204 
240 204 
237 204 
240 204 
243 204 
240 207 
243 207 
240 207 
240 651 
246 207 
273 204 
243 204 
240 207 
246 204 
240 207 
240 204 
243 204 
246 207 
240 204 
240 204 
243 201 
633 204 
240 204 
243 201 
240 204 
243 201 
243 204 
246 204 
246 207 
240 207 
237 204 
240 204 
237 204 
324 204 
237 660 
207 204 
240 207 
240 204 
237 204 
240 204 
243 204 
240 207 
243 207 
204 204 
240 204 
243 204 
237 207 
240 753 
204 201 
243 204 
240 207 
216 201 
240 201 
243 204 
240 204 
240 207 
324 204 
240 204 
240 207 
204 204 
240 204 
243 207 
240 204 
237 204 
240 204 
243 204 
240 204 
291 204 
240 204 
240 207 
240 201 
240 204 
243 204 
246 207 
240 207 
204 201 
243 207 
240 204 
240 204 
309 201 
240 651 
243 204 
237 204 
210 201 
243 204 
240 204 
243 204 
240 207 
243 204 
240 207 
240 201 
207 204 
237 207 
240 660 
243 204 
243 204 
240 204 
243 204 
243 207 
207 207 
243 204 
237 207 
309 204 
237 201 
243 204 
249 204 
243 684 
204 204 
240 207 
240 204 
243 204 
246 204 
240 207 
240 204 
243 201 
207 204 
240 207 
240 207 
237 204 
240 204 
240 207 
243 204 
246 201 
243 204 
237 207 
327 198 
228 204 
240 201 
240 204 
243 207 
240 207 
240 207 
240 207 
237 204 
240 204 
240 204 
237 204 
240 207 
237 207 
246 657 
210 204 
237 201 
237 204 
243 204 
240 204 
243 204 
240 204 
243 204 
375 204 
240 201 
240 207 
243 210 
240 660 
204 204 
240 204 
240 207 
207 204 
243 204 
240 204 
243 204 
237 204 
240 204 
243 204 
240 207 
297 207 
240 651 
240 207 
237 204 
240 204 
240 201 
237 204 
378 201 
210 204 
240 198 
240 207 
237 204 
240 204 
240 207 
240 204 
243 201 
207 204 
240 201 
240 204 
243 204 
240 207 
249 204 
210 204 
207 204 
210 204 
240 204 
243 207 
243 204 
240 207 
240 207 
411 204 
240 201 
207 201 
243 201 
441 201 
240 207 
243 207 
240 204 
240 204 
246 204 
210 207 
207 207 
243 204 
237 207 
240 207 
237 201 
240 204 
240 660 
207 204 
240 204 
240 207 
237 204 
240 204 
240 204 
240 207 
243 204 
210 204 
237 198 
243 204 
240 207 
246 651 
240 207 
243 204 
243 207 
210 207 
237 201 
240 204 
240 207 
240 201 
240 204 
243 204 
249 204 
207 201 
237 201 
207 207 
240 207 
240 204 
237 204 
240 207 
240 207 
228 207 
243 207 
240 204 
246 207 
243 204 
240 204 
237 204 
240 204 
243 207 
240 207 
240 207 
240 204 
237 204 
240 657 
249 207 
237 201 
240 204 
240 204 
237 204 
240 207 
240 207 
246 204 
240 204 
237 207 
204 201 
243 204 
240 654 
249 207 
237 204 
240 204 
240 204 
243 204 
240 207 
240 204 
240 204 
237 204 
243 204 
240 207 
240 201 
240 654 
243 204 
270 204 
240 240 
243 204 
240 207 
243 201 
240 204 
237 198 
243 204 
210 204 
237 204 
240 204 
240 717 
285 204 
240 204 
240 204 
237 207 
204 201 
243 204 
243 207 
240 207 
246 204 
240 204 
237 204 
240 207 
207 276 
243 207 
243 204 
240 207 
240 204 
240 207 
240 204 
273 204 
204 204 
243 210 
237 204 
243 204 
240 207 
240 201 
240 201 
243 204 
210 207 
240 207 
240 204 
243 204 
240 657 
237 201 
237 201 
240 297 
204 204 
240 204 
240 204 
237 204 
240 204 
243 204 
240 207 
243 204 
210 204 
753 204 
273 201 
210 201 
243 204 
240 207 
243 204 
240 204 
204 207 
243 204 
240 204 
207 210 
240 207 
240 210 
237 660 
243 198 
210 204 
240 204 
240 204 
243 204 
294 204 
207 204 
204 204 
204 201 
210 204 
204 207 
246 201 
246 204 
204 201 
210 204 
240 207 
240 207 
243 207 
243 204 
282 207 
243 204 
240 204 
243 294 
243 207 
243 204 
240 207 
240 207 
204 204 
240 204 
240 210 
243 207 
240 204 
237 660 
243 204 
240 204 
237 204 
240 204 
243 207 
240 207 
204 204 
240 207 
243 204 
240 207 
207 210 
240 204 
237 660 
243 207 
243 204 
240 207 
243 204 
237 204 
249 204 
207 201 
243 198 
240 204 
240 207 
240 204 
240 204 
201 648 
240 204 
240 204 
240 204 
243 204 
243 204 
237 204 
240 207 
207 204 
240 204 
243 348 
243 204 
237 204 
240 204 
240 207 
246 204 
204 201 
243 207 
240 204 
237 207 
240 207 
240 207 
237 201 
240 204 
204 204 
240 204 
240 204 
237 204 
210 201 
243 207 
240 207 
240 207 
207 207 
240 657 
240 204 
240 207 
240 201 
240 201 
243 204 
243 204 
210 204 
240 204 
210 207 
240 204 
243 207 
240 207 
240 660 
249 210 
207 201 
240 204 
240 207 
243 204 
246 204 
210 204 
243 204 
210 204 
207 264 
240 204 
240 204 
237 660 
240 207 
237 204 
240 204 
237 204 
210 201 
237 210 
243 204 
243 198 
243 204 
246 204 
240 204 
237 207 
204 741 
276 207 
243 204 
243 204 
240 207 
207 207 
237 198 
240 261 
240 210 
246 204 
237 204 
240 204 
243 204 
240 207 
243 204 
243 204 
237 204 
240 204 
243 204 
240 207 
240 660 
249 210 
240 207 
246 204 
243 204 
237 204 
246 204 
246 207 
240 207 
237 201 
240 258 
240 207 
237 204 
246 657 
237 204 
243 204 
240 207 
243 204 
240 204 
243 204 
240 204 
237 204 
240 207 
243 207 
240 207 
240 207 
240 660 
237 201 
237 204 
279 210 
246 207 
240 204 
237 201 
240 279 
243 198 
243 201 
240 201 
207 204 
240 201 
237 657 
243 207 
240 207 
240 204 
240 204 
237 204 
210 201 
204 204 
240 204 
240 204 
240 204 
237 204 
210 201 
243 204 
210 207 
240 201 
246 204 
240 321 
237 201 
240 201 
288 204 
243 204 
207 204 
240 201 
246 204 
240 201 
243 201 
246 204 
240 207 
243 207 
210 207 
240 204 
240 204 
420 204 
240 204 
243 204 
240 204 
243 207 
204 201 
240 204 
240 345 
243 204 
240 204 
243 201 
240 201 
237 201 
714 207 
243 204 
240 204 
237 204 
240 207 
240 207 
246 204 
240 204 
210 207 
243 204 
237 204 
240 207 
243 204 
240 657 
240 201 
237 201 
213 204 
246 360 
240 201 
240 204 
243 201 
243 204 
246 204 
243 204 
207 201 
243 207 
240 207 
240 204 
240 204 
237 204 
246 204 
243 207 
240 204 
240 204 
240 204 
201 204 
243 201 
243 204 
240 204 
243 204 
240 207 
237 204 
240 204 
237 207 
240 204 
240 207 
237 654 
240 207 
240 204 
237 204 
240 204 
240 207 
246 204 
240 204 
237 207 
240 207 
240 207 
237 204 
240 204 
240 651 
240 207 
237 204 
240 204 
240 381 
240 207 
255 204 
246 204 
243 204 
240 207 
240 201 
243 201 
240 201 
240 657 
204 207 
210 201 
237 204 
240 204 
243 207 
240 207 
240 204 
240 204 
201 204 
243 201 
210 210 
237 204 
240 717 
210 207 
240 204 
243 198 
210 204 
240 204 
237 198 
240 201 
243 198 
240 204 
240 204 
237 204 
210 201 
237 204 
240 204 
243 201 
240 201 
237 201 
237 201 
243 204 
276 204 
240 204 
240 204 
237 204 
240 204 
204 204 
240 207 
240 207 
210 201 
240 204 
240 207 
240 204 
201 207 
648 207 
240 204 
240 207 
207 204 
240 207 
243 204 
240 207 
240 204 
246 207 
246 204 
240 210 
204 207 
243 204 
237 660 
243 198 
243 201 
240 201 
237 204 
237 204 
204 204 
240 204 
243 204 
237 204 
240 207 
243 204 
240 204 
243 651 
207 204 
207 207 
240 204 
243 210 
243 207 
240 204 
243 201 
237 201 
237 210 
243 204 
243 204 
240 207 
240 204 
240 204 
237 204 
240 204 
207 204 
243 204 
243 204 
225 204 
240 207 
240 207 
240 204 
240 204 
237 207 
204 204 
243 204 
240 204 
240 207 
246 204 
240 204 
237 204 
243 654 
210 204 
240 204 
240 204 
243 204 
246 204 
219 204 
240 207 
240 207 
240 204 
243 201 
240 201 
243 207 
246 657 
240 204 
243 204 
240 204 
207 204 
237 204 
240 204 
237 201 
240 210 
240 207 
240 204 
240 204 
204 204 
240 660 
249 204 
240 201 
249 201 
240 204 
243 204 
243 204 
210 201 
243 204 
240 210 
240 204 
240 207 
240 204 
240 204 
201 207 
207 204 
237 204 
237 201 
240 204 
240 207 
333 207 
237 204 
237 204 
204 204 
240 207 
243 201 
243 204 
237 207 
240 207 
240 207 
237 204 
204 204 
240 207 
240 660 
249 204 
240 207 
243 207 
240 207 
240 207 
213 201 
243 204 
240 207 
243 204 
240 204 
201 201 
237 204 
237 660 
207 207 
237 204 
237 204 
240 204 
240 204 
237 204 
240 204 
240 207 
216 210 
207 201 
243 207 
240 207 
246 657 
243 210 
237 204 
240 204 
207 201 
243 204 
243 204 
240 207 
240 207 
240 204 
237 204 
240 204 
207 204 
243 756 
204 201 
243 204 
240 204 
240 204 
237 204 
240 207 
204 201 
243 204 
240 204 
201 204 
243 201 
207 204 
240 207 
237 204 
240 204 
237 204 
240 204 
243 204 
240 207 
243 654 
249 204 
237 207 
240 207 
240 204 
237 204 
204 204 
240 210 
240 204 
237 204 
240 207 
240 207 
237 204 
240 657 
249 210 
240 207 
240 201 
240 201 
243 204 
246 204 
264 204 
240 204 
240 204 
237 204 
240 204 
240 207 
240 657 
243 201 
207 207 
240 207 
237 204 
204 204 
240 204 
240 204 
201 201 
237 204 
207 204 
240 207 
240 204 
240 690 
249 204 
210 204 
243 204 
240 207 
204 207 
237 204 
240 207 
243 207 
240 207 
246 204 
240 204 
240 204 
204 201 
240 207 
237 204 
243 210 
240 204 
240 204 
243 204 
231 204 
210 207 
237 204 
243 204 
240 207 
240 207 
240 201 
243 204 
240 207 
210 210 
243 204 
240 204 
240 204 
237 660 
243 204 
243 198 
243 204 
210 207 
207 204 
243 204 
240 201 
240 204 
243 204 
243 204 
246 210 
210 207 
723 204 
273 204 
210 204 
207 204 
297 207 
243 201 
243 207 
210 201 
240 201 
207 198 
240 201 
240 207 
237 204 
243 654 
246 207 
207 204 
240 207 
237 207 
240 204 
240 204 
237 204 
240 204 
243 207 
240 207 
240 204 
210 204 
243 204 
237 204 
210 210 
207 204 
240 204 
243 204 
240 204 
270 204 
240 204 
237 207 
240 207 
240 207 
237 204 
240 204 
240 204 
237 204 
240 207 
243 204 
204 201 
240 204 
237 660 
249 210 
237 204 
243 204 
243 207 
240 207 
243 204 
240 204 
237 204 
240 204 
243 204 
240 207 
243 204 
666 204 
240 204 
243 207 
246 204 
246 207 
204 201 
243 207 
240 207 
240 204 
240 204 
237 207 
246 204 
210 204 
207 645 
240 210 
240 204 
243 201 
237 204 
237 204 
240 204 
237 204 
210 10788 
0 0 
0 0 
0 0 
0 0 
246 762 
207 204 
240 204 
210 204 
240 207 
243 204 
240 204 
237 204 
240 204 
243 204 
240 207 
207 207 
240 204 
243 201 
243 204 
243 204 
246 204 
240 207 
237 204 
204 204 
348 204 
240 204 
240 204 
237 204 
240 204 
240 207 
246 204 
204 207 
240 207 
240 204 
237 204 
240 204 
243 204 
240 657 
240 204 
207 204 
240 207 
237 201 
240 204 
240 204 
237 204 
240 207 
243 204 
204 201 
210 204 
240 204 
201 648 
243 204 
204 204 
240 204 
240 207 
207 207 
240 204 
243 207 
243 207 
237 204 
240 204 
243 207 
240 204 
240 774 
210 198 
240 204 
240 207 
240 204 
243 207 
243 204 
240 207 
240 207 
243 201 
243 204 
237 207 
240 204 
207 204 
243 204 
243 204 
240 207 
240 204 
240 204 
237 207 
240 657 
249 198 
210 204 
246 207 
237 201 
240 210 
240 198 
243 201 
240 204 
237 201 
243 204 
240 207 
243 204 
498 207 
243 207 
240 207 
243 207 
240 207 
240 204 
240 204 
237 207 
297 204 
240 207 
237 204 
240 204 
240 204 
237 660 
243 204 
240 204 
213 204 
204 204 
210 204 
243 204 
201 207 
243 204 
237 204 
240 204 
207 201 
243 204 
240 657 
240 204 
243 201 
243 207 
246 204 
246 207 
204 201 
243 204 
240 204 
243 210 
243 204 
240 204 
237 204 
210 201 
210 207 
243 207 
240 207 
240 204 
240 204 
237 207 
261 204 
240 204 
210 204 
243 204 
243 204 
237 204 
243 204 
240 207 
243 207 
246 204 
204 201 
207 204 
240 198 
429 204 
207 201 
243 204 
243 201 
240 204 
204 204 
243 201 
243 204 
240 204 
207 201 
243 198 
243 204 
243 204 
201 633 
237 204 
243 204 
210 204 
243 204 
240 204 
240 207 
240 204 
213 204 
240 207 
243 204 
237 207 
246 204 
246 660 
240 204 
243 198 
231 210 
240 201 
237 201 
240 204 
240 204 
237 204 
243 204 
243 204 
243 210 
240 204 
240 207 
246 204 
237 204 
237 204 
237 204 
240 207 
240 207 
240 201 
240 201 
237 204 
237 204 
240 204 
237 207 
240 207 
240 210 
237 204 
216 210 
210 207 
207 210 
204 207 
375 204 
240 210 
210 207 
219 204 
207 204 
243 204 
201 204 
210 204 
210 204 
243 216 
240 201 
276 210 
240 204 
609 210 
243 204 
243 204 
240 207 
243 210 
243 204 
201 204 
243 204 
237 207 
240 207 
240 207 
237 207 
240 204 
240 651 
207 210 
243 207 
243 207 
240 204 
237 198 
240 201 
240 204 
243 201 
204 204 
237 198 
240 201 
243 201 
243 738 
276 204 
243 207 
243 204 
204 207 
240 204 
240 204 
207 204 
240 204 
237 201 
243 204 
240 204 
207 204 
240 207 
243 207 
243 204 
237 204 
243 204 
243 207 
240 207 
348 198 
243 204 
240 207 
243 201 
240 201 
243 207 
243 204 
246 207 
204 213 
240 201 
240 204 
237 204 
240 204 
237 660 
243 207 
243 207 
204 204 
240 204 
240 207 
243 204 
240 204 
237 204 
240 207 
240 207 
204 201 
240 207 
240 660 
243 207 
237 204 
243 204 
243 204 
240 207 
207 204 
240 204 
243 207 
243 207 
240 204 
246 201 
240 207 
243 657 
240 204 
240 207 
240 204 
240 204 
237 204 
240 204 
243 204 
240 207 
243 204 
240 204 
237 207 
240 207 
240 207 
237 204 
240 204 
237 204 
240 207 
243 204 
240 204 
291 204 
240 210 
240 204 
240 207 
240 204 
240 204 
237 204 
240 210 
240 207 
240 207 
240 204 
240 204 
237 204 
240 654 
204 204 
240 204 
240 207 
240 210 
246 210 
240 204 
240 204 
240 204 
210 207 
243 204 
240 201 
237 201 
237 657 
237 204 
243 204 
237 204 
210 201 
243 210 
240 207 
201 201 
240 204 
240 204 
243 204 
240 210 
210 204 
240 651 
240 207 
237 204 
240 204 
240 204 
237 207 
240 207 
204 204 
243 204 
243 210 
240 204 
240 207 
240 201 
240 201 
243 207 
216 204 
246 207 
240 204 
243 210 
243 207 
240 204 
246 204 
246 204 
210 204 
243 204 
240 204 
240 204 
246 204 
246 204 
240 204 
237 204 
210 201 
237 204 
240 651 
243 204 
240 204 
237 204 
240 207 
237 207 
216 201 
240 204 
240 210 
240 207 
237 207 
240 201 
240 210 
243 657 
204 201 
243 207 
243 204 
240 207 
243 204 
240 204 
237 204 
240 207 
204 201 
240 204 
240 204 
243 204 
240 651 
240 210 
240 204 
237 201 
234 210 
240 204 
240 207 
240 207 
237 204 
240 204 
240 204 
237 207 
240 207 
240 753 
210 204 
240 204 
243 201 
240 207 
243 204 
246 204 
237 210 
237 207 
240 207 
237 204 
246 204 
240 204 
237 204 
240 207 
240 207 
237 204 
240 204 
240 204 
237 204 
240 657 
249 207 
237 204 
240 204 
240 201 
240 207 
237 204 
207 201 
237 204 
240 204 
243 201 
240 201 
288 207 
534 204 
246 207 
243 198 
210 204 
240 204 
237 204 
240 204 
207 201 
213 204 
207 207 
210 204 
210 207 
240 204 
207 687 
297 204 
210 204 
240 204 
237 204 
240 204 
204 204 
207 207 
204 204 
210 204 
210 204 
243 207 
240 204 
240 696 
282 204 
243 204 
204 204 
240 204 
210 204 
240 204 
240 204 
210 210 
240 204 
240 204 
243 207 
204 204 
207 204 
243 204 
240 204 
246 204 
243 204 
210 201 
240 207 
210 210 
210 204 
204 210 
240 201 
243 207 
207 201 
207 204 
237 204 
240 210 
204 204 
300 204 
210 207 
246 204 
240 657 
210 204 
237 201 
207 201 
207 204 
237 201 
237 204 
243 204 
237 204 
240 201 
243 204 
243 204 
204 204 
240 651 
207 210 
243 207 
240 207 
243 201 
243 210 
210 204 
210 204 
237 201 
237 204 
240 207 
243 204 
240 207 
243 651 
246 204 
237 204 
210 201 
237 204 
207 204 
240 204 
240 204 
237 204 
237 204 
240 204 
240 204 
237 204 
240 207 
201 204 
240 204 
240 204 
243 204 
240 204 
237 204 
240 204 
243 204 
240 204 
243 204 
210 204 
243 204 
240 204 
240 201 
237 204 
240 204 
243 207 
243 204 
240 207 
243 651 
240 204 
246 204 
243 204 
243 207 
243 204 
240 207 
243 207 
240 204 
240 204 
210 204 
243 204 
210 207 
204 630 
243 207 
243 204 
240 204 
243 204 
210 204 
243 204 
210 204 
243 204 
240 201 
240 198 
210 204 
210 204 
210 651 
240 204 
210 207 
240 204 
243 204 
240 204 
243 207 
240 204 
210 207 
216 201 
246 204 
240 204 
246 207 
243 774 
204 228 
213 204 
210 210 
237 204 
207 213 
216 201 
246 207 
210 207 
207 204 
240 204 
210 207 
243 204 
243 204 
243 210 
240 204 
243 204 
240 204 
237 207 
204 204 
768 207 
204 207 
240 207 
204 201 
243 204 
240 213 
210 204 
204 204 
240 204 
210 207 
207 204 
201 204 
240 201 
240 651 
243 204 
213 204 
243 204 
210 201 
243 210 
210 207 
237 207 
204 207 
207 201 
204 204 
246 204 
246 204 
237 651 
207 204 
246 204 
240 210 
207 201 
207 201 
207 201 
237 198 
210 204 
207 204 
207 204 
204 210 
240 210 
207 201 
207 204 
210 204 
207 204 
210 204 
201 201 
240 207 
243 201 
240 204 
210 204 
240 204 
210 204 
207 210 
270 207 
240 198 
240 204 
240 210 
237 207 
285 201 
243 201 
240 204 
240 210 
240 210 
237 207 
240 204 
240 204 
240 207 
210 204 
207 204 
240 207 
207 207 
243 204 
201 207 
501 204 
240 204 
243 201 
237 204 
207 204 
243 204 
240 204 
237 204 
207 204 
210 207 
240 204 
243 204 
243 204 
243 672 
249 207 
237 204 
207 210 
240 204 
243 204 
243 198 
243 201 
240 204 
237 204 
237 201 
210 207 
204 201 
240 651 
240 207 
237 204 
240 204 
240 204 
237 207 
204 201 
243 204 
240 204 
243 204 
240 207 
243 207 
240 204 
237 204 
210 201 
210 207 
243 198 
210 204 
204 204 
237 207 
297 204 
243 204 
207 204 
207 204 
237 204 
237 204 
237 204 
210 207 
240 201 
246 204 
210 204 
240 204 
210 207 
237 654 
273 207 
210 201 
207 201 
243 204 
204 201 
240 204 
210 204 
240 201 
207 210 
240 204 
210 201 
207 219 
210 633 
204 207 
210 204 
246 204 
240 204 
246 204 
210 201 
210 210 
204 255 
207 204 
210 210 
222 204 
204 210 
219 636 
225 216 
210 210 
207 210 
213 213 
267 228 
222 240 
213 219 
213 219 
222 474 
207 207 
225 210 
216 213 
216 222 
213 210 
228 216 
210 249 
291 213 
225 213 
216 213 
210 207 
210 231 
210 207 
207 201 
213 210 
210 204 
213 210 
204 207 
210 216 
255 255 
210 204 
207 207 
207 204 
207 207 
210 204 
207 207 
207 201 
204 201 
243 207 
210 204 
243 207 
240 204 
210 204 
237 204 
207 204 
210 204 
237 651 
243 207 
240 273 
207 207 
213 207 
222 207 
210 204 
213 210 
222 216 
240 213 
210 210 
222 228 
321 756 
0 0 
222 552 
0 0 
222 213 
213 228 
219 210 
216 216 
219 216 
204 210 
213 210 
237 216 
219 258 
219 213 
228 675 
210 213 
213 213 
225 213 
216 207 
219 282 
216 219 
231 219 
213 216 
213 213 
207 216 
240 204 
210 216 
222 216 
225 210 
222 219 
213 231 
216 210 
225 204 
225 231 
570 294 
210 288 
216 264 
216 219 
207 219 
213 228 
213 225 
258 249 
270 213 
225 210 
228 222 
225 213 
219 213 
576 228 
213 213 
228 255 
222 213 
213 213 
216 216 
231 225 
219 252 
234 213 
213 213 
222 213 
216 309 
240 213 
216 216 
216 207 
249 219 
219 309 
225 237 
216 225 
231 273 
267 210 
588 282 
234 213 
216 216 
219 243 
216 273 
216 381 
228 321 
213 219 
261 207 
240 210 
216 234 
213 213 
375 207 
246 213 
228 222 
225 255 
285 210 
234 237 
219 210 
420 222 
201 210 
213 216 
207 222 
219 207 
216 210 
231 210 
219 201 
213 216 
210 216 
252 216 
216 213 
222 207 
213 213 
225 210 
225 279 
216 210 
216 210 
219 210 
651 237 
213 216 
222 291 
213 213 
273 249 
216 213 
216 207 
234 213 
237 210 
216 216 
216 210 
216 213 
222 210 
654 225 
225 204 
216 213 
222 246 
213 210 
213 210 
222 216 
210 222 
210 210 
264 285 
234 210 
225 231 
285 213 
243 744 
222 210 
249 219 
228 219 
222 207 
210 216 
234 210 
723 213 
210 216 
258 210 
222 210 
243 225 
213 216 
219 210 
213 210 
225 207 
240 216 
210 210 
213 216 
225 210 
213 219 
249 222 
219 213 
273 228 
225 255 
225 243 
219 204 
273 207 
225 213 
288 213 
222 258 
366 210 
216 207 
537 318 
255 210 
225 213 
219 210 
225 225 
219 216 
246 222 
222 213 
213 246 
237 270 
213 216 
219 216 
225 213 
219 414 
228 207 
225 219 
225 288 
222 210 
222 222 
228 207 
771 210 
225 213 
213 213 
219 261 
219 312 
219 210 
228 252 
225 210 
219 210 
216 309 
258 276 
222 219 
216 210 
243 213 
297 219 
213 216 
213 216 
219 216 
216 216 
225 213 
309 210 
219 228 
207 210 
300 216 
213 216 
207 213 
213 210 
243 210 
210 210 
228 228 
222 216 
216 216 
222 204 
387 225 
291 222 
228 201 
333 243 
216 216 
213 210 
621 228 
207 216 
255 315 
219 216 
213 207 
210 213 
216 210 
213 210 
219 228 
225 216 
213 216 
213 222 
213 216 
723 228 
282 213 
231 213 
240 210 
222 210 
225 222 
213 210 
216 219 
219 207 
219 216 
225 225 
225 213 
216 210 
225 207 
222 219 
213 231 
210 378 
228 210 
219 213 
216 213 
225 210 
213 267 
249 246 
234 210 
216 216 
216 210 
219 210 
222 219 
213 213 
231 213 
207 201 
210 219 
228 219 
306 222 
213 258 
210 216 
213 216 
222 210 
210 207 
219 222 
588 300 
222 216 
216 219 
222 210 
219 225 
213 210 
219 225 
312 282 
219 210 
222 282 
210 219 
219 216 
207 219 
213 216 
312 216 
210 210 
246 213 
219 207 
210 207 
264 231 
210 213 
213 213 
228 210 
231 279 
213 213 
213 225 
222 216 
216 210 
237 303 
216 276 
222 276 
216 210 
294 669 
219 207 
219 267 
210 222 
225 210 
219 285 
213 258 
240 210 
216 228 
216 207 
222 216 
219 201 
213 213 
219 219 
594 240 
219 216 
222 228 
219 210 
225 216 
228 210 
222 738 
222 216 
222 207 
213 213 
216 213 
216 210 
222 219 
210 222 
216 222 
219 207 
228 216 
228 246 
219 216 
237 222 
222 258 
222 279 
216 219 
219 207 
231 210 
219 213 
228 213 
225 264 
225 219 
288 210 
222 213 
213 213 
225 699 
216 213 
222 213 
219 216 
213 210 
216 207 
213 222 
219 210 
222 207 
225 216 
228 213 
216 210 
219 216 
627 219 
213 243 
228 219 
270 210 
204 216 
222 288 
213 216 
261 222 
210 219 
285 228 
231 207 
225 210 
228 207 
225 333 
219 216 
228 219 
261 276 
219 216 
285 210 
246 219 
285 222 
210 225 
252 213 
216 228 
231 222 
213 219 
222 222 
276 216 
228 237 
219 246 
210 225 
231 288 
